+----------+----+-------------------+----------------+-----------------+-------------+------------------+-------------+------------------+--------------+
|          |    | Avg.Prec (Non-FL) | Avg. Prec (FL) | Avg. F1(Non-FL) | Avg. F1(FL) | Avg. TNR(Non-FL) | Avg.TNR(FL) | Avg. FPR(Non-FL) | Avg. FPR(FL) |
+----------+----+-------------------+----------------+-----------------+-------------+------------------+-------------+------------------+--------------+
| Semi-Sup | 5  | 0.78              | 0.99           | 0.8             | 0.99        | 0.84             | 0.99        | 0.15             | 0.01         |
|          +----+-------------------+----------------+-----------------+-------------+------------------+-------------+------------------+--------------+
|          | 10 | 0.63              | 0.99           | 0.69            | 0.99        | 0.7              | 0.99        | 0.28             | 0.01         |
|          +----+-------------------+----------------+-----------------+-------------+------------------+-------------+------------------+--------------+
|          | 15 | 0.52              | 0.89           | 0.54            | 0.96        | 0.52             | 0.98        | 0.47             | 0.01         |
|          +----+-------------------+----------------+-----------------+-------------+------------------+-------------+------------------+--------------+
|          | 30 | 0.73              | 0.99           | 0.82            | 0.99        | 0.8              | 0.99        | 0.18             | 0.01         |
|          +----+-------------------+----------------+-----------------+-------------+------------------+-------------+------------------+--------------+
|          | 40 | 0.62              | 0.95           | 0.68            | 0.99        | 0.67             | 0.99        | 0.32             | 0.01         |
|          +----+-------------------+----------------+-----------------+-------------+------------------+-------------+------------------+--------------+
|          | 50 | 0.5               | 0.91           | 0.56            | 0.98        | 0.54             | 0.99        | 0.46             | 0.01         |
|          +----+-------------------+----------------+-----------------+-------------+------------------+-------------+------------------+--------------+
|          | 60 | 0.42              | 0.88           | 0.49            | 0.94        | 0.45             | 0.92        | 0.53             | 0.07         |
+----------+----+-------------------+----------------+-----------------+-------------+------------------+-------------+------------------+--------------+
| Unsup    | 5  | 0.99              | 0.99           | 0.99            | 0.99        | 0.99             | 0.99        | 0.01             | 0.01         |
|          +----+-------------------+----------------+-----------------+-------------+------------------+-------------+------------------+--------------+
|          | 10 | 0.98              | 0.99           | 0.98            | 0.99        | 0.97             | 0.99        | 0.02             | 0.001        |
|          +----+-------------------+----------------+-----------------+-------------+------------------+-------------+------------------+--------------+
|          | 15 | 0.94              | 0.99           | 0.96            | 0.99        | 0.96             | 0.99        | 0.03             | 0.01         |
|          +----+-------------------+----------------+-----------------+-------------+------------------+-------------+------------------+--------------+
|          | 30 | 0.82              | 0.98           | 0.85            | 0.99        | 0.88             | 0.99        | 0.11             | 0.01         |
|          +----+-------------------+----------------+-----------------+-------------+------------------+-------------+------------------+--------------+
|          | 40 | 0.75              | 0.94           | 0.77            | 0.98        | 0.79             | 0.99        | 0.2              | 0.01         |
|          +----+-------------------+----------------+-----------------+-------------+------------------+-------------+------------------+--------------+
|          | 50 | 0.52              | 0.88           | 0.56            | 0.95        | 0.49             | 0.94        | 0.5              | 0.05         |
|          +----+-------------------+----------------+-----------------+-------------+------------------+-------------+------------------+--------------+
|          | 60 | 0.39              | 0.81           | 0.41            | 0.89        | 0.34             | 0.85        | 0.65             | 0.14         |
+----------+----+-------------------+----------------+-----------------+-------------+------------------+-------------+------------------+--------------+
| Sup      | 5  | 0.99              | 0.99           | 0.99            | 0.99        | 0.99             | 0.99        | 0.01             | 0.01         |
|          +----+-------------------+----------------+-----------------+-------------+------------------+-------------+------------------+--------------+
|          | 10 | 0.99              | 0.99           | 0.99            | 0.99        | 0.99             | 0.99        | 0.01             | 0.01         |
|          +----+-------------------+----------------+-----------------+-------------+------------------+-------------+------------------+--------------+
|          | 15 | 0.99              | 0.99           | 0.99            | 0.99        | 0.99             | 0.99        | 0.01             | 0.01         |
|          +----+-------------------+----------------+-----------------+-------------+------------------+-------------+------------------+--------------+
|          | 30 | 0.96              | 0.99           | 0.98            | 0.99        | 0.99             | 0.99        | 0.01             | 0.01         |
|          +----+-------------------+----------------+-----------------+-------------+------------------+-------------+------------------+--------------+
|          | 40 | 0.92              | 0.99           | 0.98            | 0.99        | 0.99             | 0.99        | 0.01             | 0.001        |
|          +----+-------------------+----------------+-----------------+-------------+------------------+-------------+------------------+--------------+
|          | 50 | 0.88              | 0.99           | 0.92            | 0.99        | 0.99             | 0.99        | 0.01             | 0.001        |
|          +----+-------------------+----------------+-----------------+-------------+------------------+-------------+------------------+--------------+
|          | 60 | 0.82              | 0.99           | 0.85            | 0.99        | 0.9              | 0.99        | 0.08             | 0.001        |
+----------+----+-------------------+----------------+-----------------+-------------+------------------+-------------+------------------+--------------+


+----------+----+-------------------+----------------+-----------------+-------------+------------------+-------------+------------------+--------------+
|          |    | Avg.Prec (Non-FL) | Avg. Prec (FL) | Avg. F1(Non-FL) | Avg. F1(FL) | Avg. TNR(Non-FL) | Avg.TNR(FL) | Avg. FPR(Non-FL) | Avg. FPR(FL) |
+----------+----+-------------------+----------------+-----------------+-------------+------------------+-------------+------------------+--------------+
| Semi-Sup | 5  | 0.77              | 0.99           | 0.8             | 0.99        | 0.8              | 0.99        | 0.19             | 0            |
|          +----+-------------------+----------------+-----------------+-------------+------------------+-------------+------------------+--------------+
|          | 10 | 0.7               | 0.97           | 0.74            | 0.99        | 0.73             | 0.99        | 0.25             | 0            |
|          +----+-------------------+----------------+-----------------+-------------+------------------+-------------+------------------+--------------+
|          | 15 | 0.67              | 0.97           | 0.71            | 0.98        | 0.71             | 0.98        | 0.28             | 0.01         |
|          +----+-------------------+----------------+-----------------+-------------+------------------+-------------+------------------+--------------+
|          | 30 | 0.61              | 0.96           | 0.66            | 0.96        | 0.65             | 0.97        | 0.33             | 0.02         |
|          +----+-------------------+----------------+-----------------+-------------+------------------+-------------+------------------+--------------+
|          | 40 | 0.54              | 0.93           | 0.59            | 0.94        | 0.59             | 0.94        | 0.39             | 0.05         |
|          +----+-------------------+----------------+-----------------+-------------+------------------+-------------+------------------+--------------+
|          | 50 | 0.56              | 0.95           | 0.6             | 0.97        | 0.59             | 0.97        | 0.39             | 0.02         |
|          +----+-------------------+----------------+-----------------+-------------+------------------+-------------+------------------+--------------+
|          | 60 | 0.5               | 0.93           | 0.55            | 0.96        | 0.54             | 0.96        | 0.45             | 0.03         |
+----------+----+-------------------+----------------+-----------------+-------------+------------------+-------------+------------------+--------------+
| Unsup    | 5  | 0.68              | 0.97           | 0.69            | 0.98        | 0.7              | 0.98        | 0.28             | 0.01         |
|          +----+-------------------+----------------+-----------------+-------------+------------------+-------------+------------------+--------------+
|          | 10 | 0.59              | 0.96           | 0.61            | 0.97        | 0.63             | 0.97        | 0.36             | 0.02         |
|          +----+-------------------+----------------+-----------------+-------------+------------------+-------------+------------------+--------------+
|          | 15 | 0.52              | 0.94           | 0.54            | 0.94        | 0.56             | 0.94        | 0.51             | 0.04         |
|          +----+-------------------+----------------+-----------------+-------------+------------------+-------------+------------------+--------------+
|          | 30 | 0.63              | 0.95           | 0.66            | 0.97        | 0.66             | 0.96        | 0.33             | 0.03         |
|          +----+-------------------+----------------+-----------------+-------------+------------------+-------------+------------------+--------------+
|          | 40 | 0.58              | 0.92           | 0.6             | 0.95        | 0.6              | 0.94        | 0.38             | 0.05         |
|          +----+-------------------+----------------+-----------------+-------------+------------------+-------------+------------------+--------------+
|          | 50 | 0.51              | 0.89           | 0.54            | 0.93        | 0.52             | 0.9         | 0.45             | 0.09         |
|          +----+-------------------+----------------+-----------------+-------------+------------------+-------------+------------------+--------------+
|          | 60 | 0.45              | 0.85           | 0.48            | 0.9         | 0.46             | 0.87        | 0.53             | 0.12         |
+----------+----+-------------------+----------------+-----------------+-------------+------------------+-------------+------------------+--------------+
| Sup      | 5  | 0.91              | 0.96           | 0.92            | 0.97        | 0.91             | 0.97        | 0.08             | 0.02         |
|          +----+-------------------+----------------+-----------------+-------------+------------------+-------------+------------------+--------------+
|          | 10 | 0.66              | 0.66           | 0.66            | 0.66        | 0.66             | 0.66        | 0                | 0            |
|          +----+-------------------+----------------+-----------------+-------------+------------------+-------------+------------------+--------------+
|          | 15 | 0.64              | 0.66           | 0.64            | 0.66        | 0.65             | 0.66        | 0.01             | 0            |
|          +----+-------------------+----------------+-----------------+-------------+------------------+-------------+------------------+--------------+
|          | 30 | 0.61              | 0.66           | 0.61            | 0.66        | 0.62             | 0.66        | 0.03             | 0            |
|          +----+-------------------+----------------+-----------------+-------------+------------------+-------------+------------------+--------------+
|          | 40 | 0.56              | 0.65           | 0.57            | 0.65        | 0.59             | 0.65        | 0.06             | 0            |
|          +----+-------------------+----------------+-----------------+-------------+------------------+-------------+------------------+--------------+
|          | 50 | 0.52              | 0.63           | 0.53            | 0.64        | 0.56             | 0.64        | 0.09             | 0.02         |
|          +----+-------------------+----------------+-----------------+-------------+------------------+-------------+------------------+--------------+
|          | 60 | 0.48              | 0.62           | 0.49            | 0.62        | 0.51             | 0.63        | 0.14             | 0.03         |
+----------+----+-------------------+----------------+-----------------+-------------+------------------+-------------+------------------+--------------+
